%YAML:1.0
---
model_type: POLYFISHEYE
camera_name: imx219
image_width: 820
image_height: 616
projection_parameters:
   k2: -8.4717803361182027e-03
   k3: 1.5957797634986151e-01
   k4: -1.6107785879593148e-01
   k5: 1.5370115170825632e-01
   k6: -8.6083896511974928e-02
   k7: 1.2502458491160303e-02
   p1: 0.
   p2: 0.
   A11: 1.7341338937631849e+02
   A12: -2.8812719851674712e-01
   A22: 1.7344033421602848e+02
   u0: 4.1306248091831361e+02
   v0: 3.0268358843380781e+02
   isFast: 0
   numDiff: 3000
   maxIncidentAngle: 120
